ID	P1	P2	P3	P4	P5	P6	P7	P8
S1	601.748	2072.95	1137.141	118.9747	74.854	761.352	1158.014	707.58
S2	739.99	2069.89	1178.154	88.4849	136.9991	830.621	1341.442	759.341
S3	583.462	1706.563	980.53	35.4048	79.0955	702.606	1080.546	597.523
S4	604.704	1938.808	1037.36	145.4593	88.6139	763.143	1153.421	656.154
S5	565.37	1461.028	776.095	17.07206	79.4827	535.869	871.62	521.469
S6	674.883	2003.781	1098.958	90.9826	88.1344	837.664	1167.972	769.248
S7	503.633	1179.696	685.627	17.88724	71.7962	618.274	923.072	488.015
S8	641.606	1794.409	980.858	36.1092	129.715	825.438	1002.137	596.757
S9	622.191	1925.006	1087.235	68.6652	100.9151	831.994	1224.997	717.022
S10	591.359	1757.316	988.349	47.6049	69.9806	749.01	972.228	626.203
S11	551.286	1552.558	917.043	102.0656	85.5508	816.969	1197.547	669.399
S12	680.78	1842.035	1032.856	98.613	105.9414	650.879	1049.552	566.846
S13	568.039	1554.487	848.582	22.74649	61.9845	605.118	819.146	482.617
S14	453.085	1100.908	571.551	3.139705	45.9151	416.645	585.15	407.951
S15	545.288	1298.493	688.427	7.12794	108.784	519.797	795.932	446.217
S16	664.209	2001.756	1090.745	58.0441	107.8181	714.685	1128.399	771.159
S17	661.871	1786.5	1006.219	83.8325	154.6812	768.941	1161.337	653.404
S18	396.535	1131.704	676.399	57.19	60.6657	508.779	771.589	393.267
S19	567.47	1698.887	923.132	72.2452	66.8077	716.951	1021.598	551.168
S20	759.189	1649.879	942.874	31.18034	34.9774	880.744	1171.943	644.765
S21	587.284	1444.24	814.47	88.6912	42.7	825.587	987.107	636.802
S22	599.247	1942.309	1118.826	28.6397	87.4071	755.5	1092.677	531.621
S23	613.448	1756.822	980.486	106.9685	97.4031	883.119	1144.343	685.575
S24	675.679	2023.376	1147.39	99.0714	92.9279	994.282	1303.228	622.686
S25	607.262	1710.56	984.276	16.85054	135.686	813.645	1085.101	785.065
S26	481.37	1600.337	887.179	15.26617	172.6276	481.949	736.225	505.131
S27	596.284	1613.905	897.132	91.3385	75.0627	638.438	1035.136	510.91
S28	704.505	1952.285	1112.043	88.5345	64.9079	875.463	1260.913	685.556
S29	721.934	2235.59	1264.745	164.8032	122.7626	1109.176	1377.173	701.81
S30	520.176	1329.91	737.276	54.3593	131.6604	627.919	881.277	506.32
S31	608.249	1591.24	847.7	16.15877	84.1245	623.059	909.444	715.336
S32	698.92	1870.481	1065.996	132.463	53.8322	825.973	1054.924	653.778
S33	694.169	2009.14	1118.79	123.6562	62.6079	941.384	1244.947	697.462
S34	537.489	1586.092	874.273	37.0373	71.023	548.302	849.252	577.923
S35	613.254	1724.034	974.415	8.88283	117.4102	763.004	929.662	599.514
S36	615.826	1791.785	956.021	60.4121	66.8904	674.724	973.453	593.328
S37	688.534	1641.994	954.914	51.9044	96.6387	763.986	1165.79	582.272
S38	495.12	1451.581	827.895	42.30323	51.336	525.973	767.613	405.593
S39	657.484	1767.738	1026.874	41.571	132.6331	658.637	1048.195	543.306
S40	576.349	1478.407	832.243	34.3666	57.7386	631.235	996.874	541.692
S41	603.901	1513.792	837.912	25.70735	37.9853	667.294	892.348	598.343
S42	695.473	1896.879	984.063	64.9584	266.41	738.055	1060.736	526.447
S43	495.507	1199.457	638.332	55.6672	67.3213	514.082	670.325	399.76
S44	628.024	1663.247	939.487	34.1626	218.201	874.864	986.023	592.094
S45	617.18	1892.361	1060.057	95.1725	84.3595	960.491	1274.478	767.625
S46	665.087	1723.622	1023.083	160.0482	88.5705	999.994	1339.845	733.402
S47	544.206	1341.024	768.713	46.6427	80.4334	677.156	878.283	350.656
S48	710.62	1979.247	1104.128	62.5176	82.8111	700.868	1114.628	628.416
S49	635.052	2052.961	1111.362	68.1476	56.9751	764.641	1113.611	594.307
S50	622.201	1724.794	976.271	16.81125	69.2628	925.068	1263.44	422.81
S51	638.932	1916.673	1047.019	95.723	95.4481	799.378	1184.567	662.042
S52	763.91	2148.46	1217.133	93.9561	166.7226	920.721	1306.653	825.909
S53	690.76	2235.04	1240.437	48.9136	107.7035	988.461	1284.868	870.847
S54	579.089	1513.494	850.14	77.0792	38.6514	699.597	1041.799	654.529
S55	604.64	1804.957	1010.5	144.2894	47.5753	909.649	1157.929	723.042
S56	739.199	1828.619	981.12	98.5192	53.8581	744.042	1132.061	642.244
S57	685.95	2049.358	1140.638	160.9615	74.1624	1000.535	1392.397	711.03
S58	674.883	1847.215	1014.969	58.897	76.1441	688.48	1068.236	643.91
S59	601.398	1495.234	846.179	27.38621	78.3592	611.979	914.016	504.56
S60	591.405	1815.348	991.099	173.4357	88.1109	879.086	1246.221	552.445
S61	683.689	1956.759	1090.32	150.376	60.0293	948.232	1225.028	611.361
S62	750.009	2162.66	1218.877	60.4706	182.848	778.311	1179.476	501.414
S63	669.711	2266.82	1302.167	74.594	91.1297	880.732	1213.572	819.91
S64	719.731	2102.75	1142.3	77.3879	74.7453	728.534	1097.398	626.046
S65	617.786	1803.625	1001.358	113.5895	64.9436	876.355	1134.959	784.064
S66	608.702	1508.067	808.285	53.1598	47.5505	605.452	850.359	524.602
S67	752.033	2259.27	1280.68	113.5868	92.8738	1020.992	1444.62	626.973
S68	565.487	1697.62	965.519	150.8113	72.6876	920.868	1170.296	583.819
S69	788.375	2306.87	1297.06	119.2676	119.2175	987.049	1389.746	839.674
S70	777.494	1884.147	1025.707	104.5015	88.5317	898.888	1240.35	654.577
S71	554.927	1708.526	959.53	113.609	27.6012	801.722	1180.965	787.812
S72	675.246	2026.434	1142.289	70.7051	118.1036	866.63	1172.118	546.025
S73	597.892	1444.312	800.881	7.74901	100.1388	672.271	907.873	589.651
S74	608.231	1703.285	956.59	112.7858	58.5801	918.428	1259.155	590.453
S75	632.785	1940.707	1097.411	107.2414	68.4824	836.12	1192.487	697.365
S76	757.732	1855.289	1074.465	58.8222	140.093	925.75	1302.995	757.278
S77	599.64	1693.979	950.944	32.85735	66.1682	914.377	1085.541	621.571
S78	504.077	1239.635	673.859	30.0098	44.6391	560.48	691.495	450.166
S79	773.994	2236.21	1221.617	123.7409	122.5738	896.439	1232.557	773.169
S80	779.152	2507.73	1352.562	74.3911	140.4816	829.229	1187.851	745.521
S81	611.3	2033.423	1162.397	114.2756	128.603	1028.003	1214.197	726.626
S82	563.592	1731.916	991.809	68.1299	80.3974	733.966	1014.197	598.742
S83	607.533	1476.527	832.485	95.4037	65.5632	659.932	1076.697	530.225
S84	664.801	2135.51	1161.728	112.748	58.7923	852.634	1237.888	690.95
S85	612.62	1876.942	1035.593	105.1157	47.1705	767.689	1108.373	585.796
S86	708.993	1789.789	1024.066	96.7967	79.2615	960.728	1151.663	687.711
S87	733.217	2162.81	1204.325	132.071	94.86	924.466	1233.355	606.826
S88	648.121	1917.302	1062.361	89.6948	103.1182	824.043	1226.226	687.854
S89	560.658	1725.057	986.108	111.285	74.7165	954.24	1100.496	597.349
S90	645.141	1898.266	1070.456	113.1079	70.2963	851.575	1200.259	695.765
S91	589.524	1775.561	962.893	94.5601	47.4396	801.646	1068.27	574.322
S92	609.713	1714.535	941.793	49.1867	89.3342	651.024	992.794	692.993
S93	585.951	1684.719	885.005	80.7924	122.4171	808.621	990.455	522.277
S94	546.019	1739.603	961.97	143.1375	35.1833	838.734	1125.956	574.87
S95	582.238	1566.699	859.289	90.6033	58.0542	686.397	992.512	545.981
S96	698.917	1637.453	943.408	22.1863	109.9597	678.22	1007.229	547.544
S97	626.263	2078.472	1170.944	147.8481	65.7282	1135.121	1338.342	674.007
S98	681.193	1888.865	1037.844	86.7838	83.6537	903.606	1240.867	529.692
S99	777.658	1941.071	1049.997	51.4612	88.6892	793.015	1170.188	774.189
S100	707.255	2040.52	1151.695	46.145	76.2827	712.238	1090.503	691.672
S101	775.788	2394.88	1354.024	66.2147	71.8018	986.918	1426.672	693.989
S102	605.595	1775.515	1004.962	65.703	126.8163	827.131	1222.531	758.023
S103	678.264	1857.248	1026.233	103.4738	78.671	938.814	1241.873	763.872
S104	636.932	1624.889	946.971	99.1475	82.4858	819.791	1099.495	573.831
S105	709.947	1891.356	1095.35	83.4732	115.9482	1038.813	1180.799	885.168
S106	566.981	1654.24	951.961	116.9171	85.9984	779.447	1106.599	555.171
S107	547.03	1564.904	897.223	83.2266	89.8486	665.927	957.195	550.7
S108	626.019	1890.663	1078.329	67.2177	107.0906	728.486	1130.068	640.341
S109	644.229	1934.447	1071.047	68.3762	81.3851	755.434	1121.285	633.337
S110	677.873	1779.26	1003.183	88.0293	89.2295	849.881	1159.562	696.298
S111	760.718	2009.144	1095.928	20.91174	173.5789	833.322	1219.952	708.107
S112	690.146	2119.71	1176	163.3954	68.6032	955.11	1250.328	742.453
S113	658.289	1810.62	971.788	56.8112	160.2151	764.998	1003.052	577.589
S114	663.187	1916.891	1110.144	101.5099	95.3714	960.915	1346.62	753.405
S115	617.639	1652.282	893.459	66.7746	186.1882	753.585	1013.754	538.755
S116	555.488	1417.428	753.944	6.003408	63.9806	581.787	804.349	556.624
S117	590.066	1466.208	832.575	86.0308	56.8749	614.333	941.1	446.043
S118	698.363	1996.361	1216.228	124.5572	181.4413	934.009	1302.24	646.68
S119	627.005	1681.519	946.835	106.0671	86.0976	890.991	1133.083	607.513
S120	705.152	1964.046	1085.824	98.7523	81.9163	971.124	1186.558	825.335
S121	557.143	1881.693	1089.455	57.127	130.9528	818.773	1091.188	656.123
S122	605.973	1842.373	1005.372	124.0395	76.9522	885.092	1233.915	667.257
S123	521.38	1515.964	892.051	32.8892	166.3186	610.708	862.065	569.324
S124	658.038	2045.69	1157.79	74.2932	128.1085	1170.01	1326.141	959.255
S125	603.115	1427.826	823.601	14.78771	59.6968	609.233	903.105	596.611
S126	616.623	1597.543	915.891	67.806	209.7339	767.143	959.896	619.371
S127	691.952	1969.67	1112.805	127.8816	59.4769	958.249	1264.801	716.684
S128	699.011	1989.336	1122.814	28.10737	131.2078	888.96	1189.944	725.278
S129	636.099	1634.774	940.44	81.2325	129.489	830.126	1086.916	461.507
S130	705.605	2268.4	1266.331	97.0285	105.1439	986.885	1426.408	708.928
S131	600.587	1799.186	1028.371	135.806	49.6993	935.861	1303.569	715.932
S132	511.647	1689.4	990.114	102.4049	88.2292	1079.946	1217.1	632.291
S133	617.401	1737.658	977.014	73.5714	102.5447	730.671	1150.919	691.304
S134	729.611	2056.911	1153.505	133.8464	110.226	887.883	1356.561	767.833
S135	605.855	1812.652	1024.227	133.5658	92.8324	949.329	1223.156	721.965
S136	708.648	2181.623	1266.384	90.5501	92.9051	1011.506	1161.671	567.622
S137	590	1994.16	1159.436	148.0539	142.7352	1132.181	1282.577	551.89
S138	688.655	1910.253	1045.513	107.4017	71.0764	949.198	1222.082	645.523
S139	623.084	1655.355	975.906	114.2782	104.3799	789.449	992.14	602.447
S140	719.962	2229.88	1246.568	114.0317	153.1056	843.496	1214.402	527.775
S141	607.289	1936.964	1038.643	106.724	54.9188	958.679	1220.374	599.73
S142	801.081	2128.252	1141.957	136.4364	117.0355	1008.892	1382.838	748.481
S143	706.005	1993.214	1094.554	67.9583	94.9773	837.825	1242.173	791.83
S144	717.796	1872.116	1045.149	49.6082	51.9232	769.081	1124.875	701.235
S145	714.677	2210.68	1302.798	74.8472	122.6284	762.369	1333.896	867.847
S146	653.132	1885.93	1046.419	98.0939	64.9458	866.842	1212.135	791.014
S147	785.608	2136.61	1198.111	101.5588	115.7376	989.17	1407.93	1010.953
S148	800.928	2412.66	1351.833	69.0354	100.9537	1023.73	1396.357	877.622
S149	709.024	2162.1	1284.243	60.5188	131.188	1030.911	1420.758	767.797
S150	559.811	1665.049	968.55	67.5238	139.7071	708.296	939.463	475.709
S151	519.035	1547.877	840.532	126.8791	69.2423	691.135	916.185	424.944
S152	713.552	2151.256	1211.984	163.0235	54.0377	1100.669	1391.305	779.526
S153	629.313	1841.871	1042.408	147.9592	53.4429	945.438	1251.24	686.252
S154	621.809	1661.43	972.212	90.574	101.0093	803.807	1145.31	569.664
S155	593.538	1949.738	1070.478	62.4555	78.1453	799.39	1159.94	697.782
S156	616.497	1814.288	1066.487	113.2987	87.5899	998.785	1252.126	686.287
S157	579.334	1686.904	954.613	99.0041	68.5306	878.389	1066.391	662.61
S158	589.657	1687.842	954.412	65.2721	71.6509	781.591	1111.288	616.158
S159	664.954	1997.341	1073.179	180.023	97.0055	936.37	1135.749	677.617
S160	674.326	1672.054	953.764	29.569	85.756	877.571	1260.436	716.307
S161	836.512	1958.826	1131.683	28.00786	136.5732	817.268	1219.763	714.98
S162	733.893	1998.709	1100.064	101.4125	190.1445	894.562	1185.897	635.895
S163	856.901	2551.17	1386.47	157.0635	122.9525	1158.947	1601.719	846.533
S164	867.447	2190.691	1207.009	77.14617	187.6729	794.062	1396.266	546.582
S165	525.389	1537.91	873.589	69.4508	117.5038	595.326	764.817	364.267
S166	436.214	1140.207	668.564	44.2451	82.1586	567.602	794.859	499.891
S167	549.104	1502.629	900.996	17.48575	89.4819	599.24	937.935	531.192
S168	645.362	1747.533	938.041	57.4526	59.8284	837.799	1084.518	602.415
S169	724.218	2298.88	1275.587	116.8067	53.4771	1031.729	1401.256	837.849
S170	815.273	2492.98	1362.903	92.5881	152.7374	982.941	1377.198	821.787
S171	703.322	1990.821	1151.736	110.4778	70.4055	981.047	1303.038	676.18
S172	520.744	1582.648	880.425	88.7708	120.6358	719.528	908.587	458.825
S173	637.045	2060.08	1195.306	77.1348	97.1511	976.378	1290.236	709.431
S174	616.742	1892.708	1073.686	116.1923	84.0014	818.715	1156.57	590.018
S175	528.277	1616.327	906.145	50.2087	104.9115	705.521	954.631	489.784
S176	582.373	1854.321	1010.696	56.5386	84.9877	720.212	948.481	607.336
S177	559.92	1865.43	1032.801	103.9444	72.938	805.449	1109.195	687.745
S178	588.688	1776.181	971.898	192.3177	30.3598	831.35	1103.448	365.073
S179	645.427	1855.506	1053.272	128.2535	100.7356	917.163	1232.26	667.225
S180	733.527	2070.976	1148.421	67.5904	117.944	848.592	1298.031	787.142
S181	716.964	1823.218	1059.745	99.4615	47.3048	932.784	1189.598	861.752
S182	606.438	1695.243	1003.057	89.3375	43.9199	869.957	1223.889	705.023
S183	576.187	1592.885	889.55	30.843	96.2615	591.553	923.183	494.934
S184	606.045	1813.389	1026.482	76.2879	58.4268	752.493	1113.655	679.129
S185	411.474	1035.432	548.522	29.62206	132.7058	364.431	579.648	417.861
S186	523.84	1431.569	788.398	68.8775	146.7554	609.05	893.747	602.973
S187	675.46	2016.005	1100.208	116.2043	56.7227	876.253	1226.804	738.295
S188	644.374	1915.55	1062.38	112.9701	66.561	820.656	1089.744	671.058
S189	685.689	1800.649	946.598	88.6954	57.6452	731.391	1079.582	620.706
S190	638.081	1817.089	1040.951	104.3062	79.736	822.063	1178.102	592.025
S191	508.767	1586.684	856.451	45.5847	82.6257	496.312	858.778	499.073
S192	557.218	1497.521	842.231	67.7266	26.5836	680.401	1006.829	577.977
S193	621.734	2034.019	1104.802	126.8683	75.6253	853.572	1166.131	742.363
S194	579.051	1362.406	762.633	69.4491	62.1401	543.682	808.35	452.265
S195	712.686	1935.954	1089.201	89.6228	118.8658	934.56	1301.687	640.662
S196	663.829	1988.553	1102.69	149.6401	90.4079	1148.659	1298.706	825.187
S197	690.994	1890.635	1028.789	90.8139	20.82584	838.006	1222.762	767.84
S198	695.776	1692.412	968.228	59.4782	81.6858	648.879	1044.629	565.083
S199	449.572	1522.439	1209.725	86.4099	111.8642	673.147	884.641	464.833
S200	614.568	1842.994	1026.378	110.3115	62.2477	850.731	1212.202	705.478
S201	508.808	1518.677	865.13	83.3098	81.0227	907.523	1030.908	578.33
S202	750.889	2362.08	1316.844	67.5613	87.6146	902.254	1416.376	868.754
S203	535.965	1646.521	966.793	97.6327	158.6348	875.349	1059.538	479.657
S204	507.423	1663.078	924.322	113.2674	65.9677	825.946	958.023	552.877
S205	479.026	1336.386	755.411	74.705	83.3796	579.79	775.277	397.567
S206	691.425	1815.177	1036.672	109.0179	97.7091	798.343	1238.476	817.797
S207	592.807	1837.978	1058.018	86.8615	92.9963	918.996	1228.939	892.335
S208	781.731	2222.07	1199.008	100.2891	118.2781	846.603	1260.783	755.467
S209	638.193	1911.558	1001.305	89.2392	58.1661	704.368	969.597	556.148
S210	410.181	1357.761	755.839	68.5208	75.4689	551.023	774.788	469.665
S211	718.572	2181.39	1165.174	51.0084	72.1778	749.721	1285.39	716.221
S212	766.768	2106.39	1233.466	115.8533	114.5617	1015.787	1342.577	677.612
S213	805.185	2171.15	1210.27	98.1914	99.8724	894.856	1263.227	690.6
S214	650.719	1889.863	1082.117	110.839	53.1527	797.529	1042.355	525.29
S215	706.805	2046.92	1124.677	94.339	95.0791	825.251	1304.479	754.438
S216	686.872	1920.075	1027.899	99.6601	204.6934	837.97	1033.424	589.092
S217	645.786	1726.398	955.371	69.9807	117.9094	760.838	961.243	542.024
S218	598.844	1743.781	940.78	108.0781	40.2083	672.355	936.065	526.295
S219	651.017	1914.076	1094.38	129.9692	162.5681	975.874	1315.937	638.471
S220	527.075	1491.034	849.271	162.3115	54.5958	805.206	1026.23	578.082
S221	556.126	1751.852	968.625	75.7065	62.2524	718.155	1044.236	645.885
S222	568.66	1505.761	879.764	25.54414	69.8133	697.397	897.033	597.552
S223	663.502	2060.82	1189.479	118.0432	93.3769	1025.713	1417.467	866.681
S224	860.667	1666.782	949.379	49.2921	41.2053	758.265	1125.034	640.246
S225	1038.251	2098.25	1116.36	19.55491	47.8008	913.279	1406.534	613.173
S226	797.82	2367.54	1373.359	132.1783	201.338	1042.914	1518.908	775.985
S227	557.852	1754.964	966.754	55.0978	70.8277	723.039	1039.786	572.115
S228	639.372	1781.638	998.688	114.3442	91.0966	907.756	1173.105	602.339
S229	671.968	1818.193	1024.69	100.6507	77.5151	835.252	1125.744	602.562
S230	701.329	1836.659	1008.199	26.40046	62.7788	742.759	1023.466	746.914
S231	538.966	1431.538	829.067	72.4276	97.8685	679.434	955.916	568.434
S232	606.569	1762.953	954.163	79.2815	85.2924	1035.475	1145.726	608.704
S233	546.246	1447.975	806.275	39.5724	105.9051	751.083	1006.137	594.713
S234	830.524	2184.91	1228.334	57.0094	76.0563	932.866	1407.239	618.332
S235	764.169	1724.496	992.563	61.1914	82.81	819.468	1109.445	578.44
S236	651.863	2122.45	1178.016	104.9508	70.2983	931.396	1300.373	859.07
S237	637.414	2058.43	1178.127	143.8447	91.4005	1044.438	1368.74	752.886
S238	697.519	1599.541	899.236	67.5116	69.5325	795.331	985.921	656.657
S239	645.039	1624.492	909.953	32.2083	139.1373	595.834	967.327	559.079
S240	760.036	2195.8	1182.396	58.7621	67.102	924.819	1271.591	708.68
S241	598.951	1796.539	995.607	64.2226	150.1156	891.247	1036.833	608.522
S242	704.953	1888.774	1057.243	122.9842	64.3049	797.121	1143.779	646.111
S243	567.797	1706.538	956.845	77.5877	70.1799	777.317	1017.36	641.954
S244	578.459	1585.643	880.768	36.0666	135.2346	554.507	844.569	539.26
S245	611.236	1903.192	1081.822	104.6233	112.1755	936.046	1277.818	617.866
S246	752.244	1760.288	996.15	84.6994	63.0111	850.021	1152.489	634.099
S247	691.436	1552.572	885.095	62.3305	84.6063	708.004	957.957	523.219
S248	499.254	1436.888	802.411	126.5724	40.043	705.334	867.184	475
S249	632.266	1740.13	960.776	86.3763	112.4214	992.479	1144.099	542.522
S250	622.017	1832.828	1049.161	87.243	73.7299	830.161	1176.86	647.473
S251	611.674	1656.127	972.305	68.5105	104.2209	822.886	1028.373	605.046
S252	799.894	2338.76	1261.01	92.3994	99.4358	937.145	1364.813	742.682
S253	603.604	1955.932	1070.641	130.4015	82.8306	901.46	1218.744	711.718
S254	704.376	2214.44	1259.009	126.1292	112.6005	1098.077	1456.565	850.278
S255	614.914	1817.889	1004.3	105.4774	51.8795	830.793	1054.133	657.992
S256	589.498	1685.02	939.924	108.9308	64.0171	885.455	1255.781	681.056
S257	571.495	1400.921	861.611	57.9062	53.9439	730.961	1063.278	711.835
S258	605.425	1830.506	988.47	205.6055	36.4376	817.4	1056.725	442.936
S259	541.674	1472.692	808.236	24.65039	55.6569	625.669	826.854	478.381
S260	606.227	1639.17	926.091	119.0911	106.039	1025.789	1241.823	375.51
S261	661.502	2009.746	1137.628	96.5813	46.9626	904.03	1195.14	680.351
S262	534.359	1692.818	946.257	80.8177	52.58946	775.893	983.47	612.309
S263	549.96	1395.715	820.576	34.30645	141.2932	542.903	839.658	450.419
S264	829.685	1863.317	1063.212	107.6496	118.2575	864.344	1194.532	868.03
S265	626.422	1906.767	1117.114	81.7105	139.6414	894.493	1221.539	666.563
S266	597.346	2022.64	1133.664	70.7531	92.3572	1095.229	1399.911	645.485
S267	699.017	1862.85	987.614	133.1369	60.4382	731.101	1023.99	601.791
S268	509.017	1425.097	796.537	18.26711	176.7499	457.8	674.478	420.838
S269	554.619	1706.82	980.31	51.8451	104.9525	587.194	966.865	610.666
S270	571.111	1438.857	795.91	119.4023	32.0705	656.755	890.01	567.075
S271	537.561	1451.573	842.611	22.7755	88.9378	640.178	877	563.964
S272	679.543	2129.54	1173.196	109.8531	69.1988	900.264	1209.784	747.321
S273	762.339	2276.55	1274.465	58.5123	91.7381	1004.747	1412.529	838.65
S274	627.801	1867.475	1024.765	125.8268	103.4985	917.216	1242.606	639.976
S275	732.297	2163.44	1204.757	71.6683	176.4672	847.66	1251.016	580.059
S276	562.078	1833.464	1052.489	98.3268	68.0777	873.662	1132.05	691.984
S277	697.71	1828.584	1021.41	85.2425	101.8686	790.248	1169.808	571.585
S278	548.865	1489.451	808.037	9.89216	69.678	604.905	778.368	486.468
S279	601.268	1854.114	1043.538	107.3883	81.6059	820.129	1078.635	620.133
S280	523.935	1398.634	818.033	57.3441	119.4463	656.463	895.774	492.39
S281	599.119	1646.131	917.512	74.6146	71.5094	770.924	1115.134	528.352
S282	625.491	1693.415	965.936	128.8374	97.9471	814.976	1097.789	672.108
S283	674.058	1861.879	1046.694	53.6864	32.3606	758.499	1137.595	582.857
S284	651.054	1783.056	982.901	48.7695	79.9404	708.359	912.355	443.117
S285	668.386	1829.232	1047.328	76.8259	51.8787	888.843	1189.263	752.87
S286	599.424	1848.616	1062.068	123.6738	108.1323	802.61	1035.84	558.347
S287	571.009	1582.375	890.541	87.5968	121.3016	781.543	922.385	470.804
S288	633.617	1949.279	1078.594	34.6107	130.0367	741.3	1093.493	719.873
S289	585.779	1910.84	1032.918	103.548	77.9598	848.835	1192.919	754.764
S290	787.989	2190.93	1219.96	98.0215	115.8702	1190.357	1505.47	853.908
S291	636.223	2023.972	1093.553	92.4653	93.4121	791.786	1099.404	612.102
S292	679.955	1877.741	1022.14	94.0055	60.067	879.385	1153.817	638.501
S293	560.612	1672.563	981.476	94.0654	83.303	772.724	1054.939	644.834
S294	634.025	1854.568	1087.996	120.8842	122.8578	1140.262	1329.051	827.198
S295	615.531	2009.571	1113.244	104.4469	80.1081	836.545	1396.765	901.562
S296	656.386	2236.58	1203.908	112.817	132.9754	836.927	1124.46	643.234
S297	757.161	2686.36	1500.341	69.5069	172.0597	1018.138	1299.985	719.206
S298	705.699	1856.964	1067.452	105.2085	145.1364	927.714	1229.02	469.147
S299	607.06	1766.368	994.507	112.6571	53.189	934.565	1343.195	635.667
S300	654.995	1589.228	895.434	25.50736	74.4858	664.329	998.807	564.241
S301	566.551	1479.834	818.114	18.89808	89.2908	687.854	893.936	604.78
S302	648.438	1950.649	1105.112	126.0993	78.6133	1077.389	1317.207	867.851
S303	709.395	1991.913	1084.325	81.6225	105.2261	793.212	1047.256	642.33
S304	600.001	1576.629	875.665	52.4049	84.5297	680.661	966.098	575.329
S305	748.721	1489.05	849.849	6.29853	40.3871	638.629	941.697	546.325
S306	695.238	2157.78	1217.099	75.9768	50.1551	898.388	1245.494	683.842
S307	564.791	1469.603	824.117	86.3879	54.651	629.993	925.629	509.684
S308	690.98	1837.016	995.856	93.8392	121.1073	762.04	1183.629	634.163
S309	600.199	1759.576	965.229	11.26175	67.9328	728.177	898.21	572.122
S310	708.79	2110.01	1162.652	144.9976	67.8891	977.964	1383.847	748.75
S311	653.702	2335.78	1301.832	93.0183	151.6688	824.151	1212.06	578.215
S312	517.895	1440.48	828.492	50.5882	171.6575	582.588	912.652	524.49
S313	659.729	1801.275	1000.791	65.9835	49.9862	800.173	1136.413	549.751
S314	542.262	1366.659	739.095	28.4833	27.31461	551.086	743.628	485.012
S315	611.095	1723.794	974.23	99.0569	107.9141	830.693	1070.909	627.711
S316	678.513	1762.216	995.143	150.1038	26.3563	822.341	1069.096	579.382
S317	616.647	1760.252	940.42	72.4326	95.4775	744.875	1050.589	616.267
S318	745.153	2006.739	1097.313	40.1485	188.0525	733.184	1047.158	648.629
S319	795.674	2397.28	1305.56	94.5615	102.3368	1045.266	1452.986	844.221
S320	526.265	1200.29	703.78	44.5044	79.9925	671.674	810.234	526.162
S321	754.347	2309.47	1276.235	100.5302	107.8747	879.59	1214.264	783.593
S322	632.3	1924.123	1066.935	105.6897	126.9282	793.096	1141.76	601.358
S323	704.383	1893.055	1029.489	140.179	49.2356	791.403	1187.454	603.818
S324	577.7	1475.302	854.005	76.33	92.279	711.335	953.327	417.09
S325	721.411	2045.891	1116.549	162.3046	59.2505	960.33	1248.065	664.437
S326	764.156	2001.659	1125.606	89.3569	90.0452	937.362	1375.01	670.638
S327	638.135	1940.66	1103.874	77.8123	85.0451	873.734	1164.689	698.302
S328	630.74	1607.513	885.06	30.9323	87.6615	757.232	1088.03	513.44
S329	680.366	1871.833	1049.635	41.9622	71.4641	738.051	1232.785	763.646
S330	441.858	1171.071	699.007	46.8244	66.3146	526.139	771.822	380.893
S331	639.02	1653.146	904.698	82.6146	56.5493	833.102	1095.322	559.199
S332	619.146	1617.571	915.585	110.3607	56.4706	900.657	1159.526	755.092
S333	740.019	2298.23	1229.975	101.5038	108.3727	824.288	1220.416	870.579
S334	719.552	2003.496	1102.709	80.1861	145.8001	926.194	1208.491	720.702
S335	830.784	1966.749	1097.553	39.1229	4.67694	876.809	1314.995	644.061
S336	616.086	1565.233	878.317	145.7145	75.6834	991.317	1142.778	499.587
S337	634.086	1634.614	937.086	91.8055	100.1597	810.6	1079.922	579.291
S338	688.97	1900.96	1037.856	115.07	59.9146	966.941	1265.338	687.747
S339	646.595	1960.151	1034.615	53.75	96.6327	758.165	1109.165	591.229
S340	650.827	1740.084	974.23	61.6384	140.2386	732.083	1037.158	560.24
S341	817.153	1692.048	967.966	41.3863	29.64209	775.118	1174.651	564.832
S342	684.804	1570.682	910.875	55.6193	96.8924	707.807	1052.16	633.248
S343	544.853	1459.545	795.354	28.3451	93.3593	507.369	770.575	377.645
S344	667.206	1978.794	1130.496	55.0227	161.3426	803.471	1154.182	599.66
S345	761.014	1647.518	892.723	23.4063	162.3598	646.061	895.224	595.387
S346	625.224	1558.029	873.874	130.4494	99.2077	674.049	1062.374	350.428
S347	566.324	1485.204	846.353	41.2853	81.5674	528.056	843.312	502.833
S348	759.495	1991.146	1114.442	127.728	72.3385	821.619	1147.613	630.88
S349	626.839	1884.794	1018.77	97.4247	90.1801	820.089	1092.441	591.067
S350	499.193	1384.731	757.752	34.6187	133.9713	555.841	676.197	525.496
S351	576.181	1646.37	902.803	8.06272	147.4838	657.878	954.516	634.221
S352	588.106	1704.793	948.77	95.9179	46.2317	723.258	1030.818	683.929
S353	549.055	1632.416	928.569	101.7748	57.2421	791.656	1027.903	635.286
S354	703.253	1727.907	970.818	28.87498	89.4034	829.481	1207.814	688.226
S355	694.258	1827.032	960.979	47.8886	119.4781	647.602	1008.806	593.243
S356	535.27	1678.63	907.951	109.2126	81.1621	660.409	967.048	581.141
S357	569.854	1626.504	966.592	48.702	118.1841	765.826	1061.196	629.162
S358	689.149	1850.855	1028.754	55.2487	88.2207	789.851	1061.091	601.925
S359	699.59	1807.177	964.945	26.8083	91.8033	640.747	965.086	636.019
S360	607.993	1563.897	910.845	8.87548	73.5734	716.276	1060.565	655.166
S361	618.727	1851.2	1078.14	96.0576	117.2621	1031.396	1231.705	596.202
S362	633.589	1858.869	1032.596	168.4411	72.9362	957.31	1330.001	666.944
S363	766.327	2465.62	1397.459	144.5312	126.9201	921.34	1341.032	640.552
S364	554.568	1561.277	857.792	65.905	46.9714	754.517	958.929	588.609
S365	546.326	1346.06	704.965	32.0872	46.7754	590.782	746.886	407.999
S366	630.65	1793.3	1048.945	48.9279	100.705	819.442	1055.841	518.02
S367	704.19	2296.03	1281.09	117.5498	82.1871	1089.127	1292.895	813.995
S368	738.032	1993.651	1118.58	113.5514	117.7498	1077.94	1249.446	714.752
S369	646.031	1775.732	1036.772	89.6656	89.2271	816.866	1149.318	664.617
S370	470.612	1417.986	824.439	55.7285	60.0483	616.155	875.044	477.749
S371	663.815	1500.301	875.6	79.1023	91.6233	803.995	1091.037	552.042
S372	671.41	1891.609	1072.846	39.2136	103.7084	799.729	1136.28	614.031
S373	510.839	1390.303	749.747	26.52449	57.506	516.252	687.943	442.157
S374	611.975	1964.086	1123.475	108.9913	101.7781	887.754	1144.709	795.651
S375	832.52	2075.975	1050.075	19.40254	70.794	600.171	1004.514	649.953
S376	752.209	2187.96	1182.976	60.1676	75.1017	887.747	1327.254	622.038
S377	589.64	1879.894	1055.029	84.835	111.3731	822.058	1135.623	715.117
S378	674.707	1830.627	1011.023	32.9862	124.6002	832.641	1077.238	598.128
S379	628.508	1589.367	876.358	89.2479	38.3228	789.686	1037.242	553.756
S380	548.514	1590.981	862.853	68.6029	62.0803	785.569	1031.654	744.992
S381	602.18	1813.13	1052.233	158.381	69.1868	1054.5	1224.586	751.443
S382	762.769	2186.76	1196.718	102.6341	204.3604	929.657	1288.06	588.65
S383	512.634	1339.84	772.72	28.59706	57.426	530.17	815.697	421.783
S384	657.423	1484.982	848.143	50.2183	79.9099	791.242	1082.344	775.172
S385	683.14	1849.296	1021.035	58.8834	77.4633	716.768	992.022	531.002
S386	623.709	1638.479	887.174	96.235	40.1468	668.178	905.267	482.669
S387	549.407	1359.294	766.461	14.06768	65.5096	561.834	847.974	524.255
S388	657.613	1866.069	1033.157	90.6358	101.3395	941.955	1081.901	644.717
S389	563.678	1348.445	787.858	34.3564	106.9094	622.682	935.889	425.658
S390	576.834	1403.672	787.226	96.8766	41.7852	765.669	940.567	639.385
S391	570.952	1701.19	881.673	9.95733	35.4494	532.964	827.624	457.916
S392	647.325	1919.561	1114.521	89.1827	94.6486	979.056	1299.742	502.711
S393	715.914	2310.31	1252.342	66.8794	89.7596	921.294	1286.64	659.63
S394	665.228	2079.861	1129.081	174.492	45.3488	966.594	1287.605	679.578
S395	551.136	1400.776	835.532	39.7913	91.4572	742.626	1016.527	480.243
S396	636.944	1851.85	1072.423	157.0255	33.8318	1026.282	1245.249	565.535
S397	645.65	1955.897	1082.123	105.2185	111.6718	750.041	1230.57	636.041
S398	716.603	2277.63	1286.114	95.4209	92.6308	1017.965	1311.917	790.26
S399	548.51	1502.5	858.589	103.9919	79.9807	834.812	981.13	532.817
S400	755.767	2010.609	1141.965	178.3975	165.8214	889.617	1294.367	750.629
S401	581.93	1738.975	1013.144	94.0414	85.7832	768.758	1093.571	575.55
S402	761.079	2000.885	1145.659	99.1562	116.9862	886.869	1309.34	710.517
S403	644.956	1724.045	891.565	71.0809	29.9073	979.466	1141.458	553.484
S404	643.759	2054.19	1192.346	102.151	122.4228	1021.838	1364.798	752.345
S405	765.749	1963.374	1102.238	106.831	81.8462	861.244	1409.489	787.515
S406	672.037	1556.739	834.419	5.39313	61.1544	595.935	921.202	488.453
S407	799.385	2170	1177.421	65.6643	112.8774	891.955	1234.448	703.142
S408	604.509	1936.069	1099.926	157.9745	58.9744	1121.594	1292.142	867.001
S409	623.306	2003.798	1115.823	81.417	58.939	779.214	1148.646	831.142
S410	884.108	2215.5	1261.538	134.6472	147.5905	1128.737	1551.53	874.517
S411	562.214	1409.406	849.869	51.40107	69.2331	590.523	979.169	566.041
S412	598.364	1797.15	990.493	71.5663	59.5209	755.574	1111.959	745.566
S413	662.936	1902.161	1043.947	87.6374	93.4027	1065.937	1368.951	593.434
S414	718.135	2474.08	1381.016	99.4232	163.4117	975.417	1270.797	704.949
S415	598.61	1696.863	959.121	170.4894	59.4484	947.549	1262.383	393.406
S416	518.579	1501.717	824.724	24.97595	68.2945	770.469	912.673	559.612
S417	580.541	1862.692	1018.481	172.0028	58.5044	926.36	1078.981	604.248
S418	650.551	1820.246	1004.516	36.1813	81.6246	762.096	1103.201	555.801
S419	691.679	2205.82	1168.532	121.1113	114.8926	1074.249	1359.96	857.226
S420	672.454	1880.035	1055.094	61.8893	53.1894	787.666	1275.869	746.871
S421	657.773	2060.3	1130.846	59.2885	80.1319	744.506	1098.595	755.646
S422	742.7	2437.61	1304.804	106.5669	102.5835	988.124	1408.101	820.981
S423	625.83	1921.032	1074.99	123.4252	70.12	842.775	1189.645	523.674
S424	607.77	1661.174	922.04	53.2221	55.0059	812.701	1047.103	503.355
S425	765.28	2079.24	1106.665	22.33824	88.6831	929.918	1212.339	711.63
S426	688.797	1683.424	916.254	30.10787	75.7305	705.421	1058.517	562.887
S427	711.781	2035.909	1120.833	93.6629	112.8126	719.069	1147.737	654.757
S428	625.476	1908.804	1006.388	73.3148	81.4529	714.378	1069.409	543.487
S429	623.905	1718.523	962.753	63.5188	65.6588	776.176	1112.722	569.965
S430	665.238	1964.734	1145.715	76.6212	120.956	955.837	1311.784	708.618
S431	572.566	1535.992	838.314	34.05685	78.311	527.33	817.226	495.258
S432	637.668	1706.524	933.702	108.762	67.3678	793.516	1004.518	493.371
S433	666.201	1862.225	1085.192	52.6872	156.7394	699.907	1061.259	573.768
S434	544.72	1462.343	876.816	102.9388	51.4111	865.134	1117.369	667.47
S435	524.286	1213.16	687.242	29.748	73.1196	520.553	773.994	465.378
S436	769.089	2291.47	1257.899	131.564	85.3418	898.272	1417.967	743.127
S437	610.419	1983.254	1107.964	151.1997	78.1059	1056.782	1322.477	780.748
S438	592.42	1891.597	1038.151	104.4993	83.4814	846.44	1092.127	610.506
S439	659.226	1726.95	956.544	110.4418	122.889	878.205	1162.328	605.068
S440	678.094	2008.987	1153.378	181.0936	150.0095	1054.726	1368.674	670.721
S441	595.626	1748.092	986.955	43.3215	146.7905	627.138	885.521	540.007
S442	622.253	1556.872	891.199	91.26	94.7096	714.554	951.756	569.674
S443	602.702	1849.075	978.986	82.0908	78.057	661.254	1044.987	575.59
S444	800.211	2189.09	1246.184	97.5082	126.3199	1003.109	1365.919	763.688
S445	675.174	2383.9	1295.044	69.4017	117.6168	913.009	1312.36	823.019
S446	552.489	1673.623	918.291	38.4961	126.9127	675.641	966.638	560.754
S447	623.577	1699.582	968.232	101.468	72.6389	829.92	1136.711	648.204
S448	577.6	1717.504	932.421	20.00095	98.0292	629.869	909.199	526.026
S449	699.226	2048.379	1159.955	94.1685	125.0897	936.807	1323.839	826.99
S450	620.818	1701.649	981.245	79.8849	76.401	896.406	1131.19	660.703
S451	610.585	1672.716	897.13	63.2575	117.7711	610.705	987.788	627.251
S452	607.163	1732.395	973.481	94.9123	53.1387	734.461	1078.563	578.373
S453	599.968	1876.971	1051.253	90.0987	71.1163	840.849	1109.515	561.366
S454	666.659	2068.56	1093.815	33.9052	58.9236	843.561	1203.497	844.754
S455	720.832	2042.96	1153.851	121.7092	70.1629	905.211	1302.897	697.046
S456	590.062	1590.685	902.33	28.5764	160.5436	681.12	983.995	644.791
S457	556.369	1557.237	867.943	86.332	88.0472	595.374	902.98	470.374
S458	580.484	1865.688	1015.36	83.658	88.9648	788.249	1098.603	692.733
S459	654.731	2048.825	1191.328	105.9556	120.3453	991.153	1288.021	706.348
S460	669.006	1740.887	991.127	124.1188	44.2058	778.238	1030.424	546.291
S461	706.244	2050.08	1144.96	110.468	54.2528	875.558	1242.421	775.319
S462	529.874	1461.904	853.853	83.8857	87.0344	948.664	1127.552	550
S463	537.543	1704.725	939.508	128.317	99.4462	744.175	996.794	522.71
S464	505.572	1498.023	805.991	50.4759	103.957	593.88	845.185	567.304
S465	677.12	2097.87	1180.81	78.8446	59.5742	851.788	1216.858	834.223
S466	699.275	1946.391	1091.528	58.702	88.1678	905.506	1269.357	676.498
S467	694.704	1927.175	1084.635	77.1307	68.8723	986.979	1313.845	685.887
S468	639.361	1830.535	996.586	102.3223	70.6782	878.873	1223.951	778.069
S469	854.024	2130.81	1150.277	89.4613	73.001	917.559	1242.42	692.205
S470	563.428	1725.76	960.794	91.5609	68.4633	859.52	1101.915	564.807
S471	579.586	1503.223	845.79	37.2298	45.3097	680.8	924.634	544.933
S472	562.516	1730.536	980.012	142.9467	60.9457	862.111	1163.168	580.581
S473	712.849	2041.621	1170.67	84.6557	82.6855	1019.913	1331.594	766.853
S474	498.839	1291.783	716.814	10.57058	81.2295	551.111	713.653	522.564
S475	621.096	1983.359	1085.706	78.3825	99.8105	690.812	1087.266	587.223
S476	849.718	2506.7	1373.911	166.8684	181.3429	966.122	1534.433	825.724
S477	578.608	1700.115	979.49	83.2253	139.0624	798.645	1119.891	535.867
S478	599.477	1633.614	940.748	88.2877	74.4809	1015.56	1279.25	695.438
S479	801.533	2176.62	1231.493	81.706	55.891	878.519	1265.653	734.243
S480	547.274	1740.349	955.397	61.1917	54.8939	804.776	1089.552	601.375
S481	674.32	2085.309	1177.28	187.4325	46.9311	1014.291	1399.834	784.442
S482	508.38	1472.949	804.335	52.4132	89.7456	749.248	964.291	531.812
S483	702.077	1930.847	1080.032	62.6736	109.2373	876.062	1138.531	599.363
S484	663.072	1863.657	1071.673	71.7825	64.5158	970.448	1282.294	597.152
S485	565.866	1594.616	922.509	70.0791	67.5803	829.644	1036.731	624.579
S486	628.974	2080.096	1123.223	124.7141	66.944	965.551	1208.852	752.659
S487	697.135	2393.34	1286.783	59.5082	99.4498	978.422	1196.978	621.331
S488	709.321	2117.68	1170.34	100.6622	97.7076	774.765	1269.061	754.26
S489	722.761	2023.909	1171.616	55.7678	78.0397	904.852	1365.751	688.692
S490	857.054	1781.581	1008.636	48.0683	69.5792	886.106	1227.955	629.134
S491	560.455	1725.331	963.683	79.0947	103.2685	649.939	940.15	514.492
S492	725	2082.385	1123.918	15.87155	96.2518	819.126	1204.683	741.486
S493	644.753	1964.934	1111.686	74.7543	104.9706	796.404	1102.168	520.272
S494	567.803	1533.474	895.547	96.6281	74.8965	766.19	1000.319	537.593
S495	701.393	2258.71	1256.363	129.4321	78.0014	996.696	1310.705	791.053
S496	731.241	2022.469	1107.094	98.437	111.2798	970.834	1389.441	708.615
S497	711.369	1873.789	1030.239	44.95342	106.1648	784.002	1157.853	643.142
S498	580.994	1817.555	1034.953	73.3664	78.5842	794.75	1156.893	463.885
S499	705.558	2089.43	1117.352	44.8603	68.0912	695.98	1117.717	684.348
S500	660.552	2090.99	1145.009	126.0829	108.9389	917.927	1279.818	716.152
S501	717.116	1920.976	1068.601	142.2409	58.414	1000.927	1383.607	685.937
S502	732.65	1890.216	1047.4	32.7377	81.2691	735.854	974.443	619.413
S503	483.699	1421.425	788.587	7.59754	87.5307	567.233	655.862	468.678
S504	533.781	1650.838	932.973	79.684	61.4777	578.925	902.515	546.03
S505	431.327	1083.439	582.222	10.07403	42.4489	405.391	587.071	324.728
S506	626.723	1994.404	1073.699	122.8922	81.1142	778.424	1022.464	732.173
S507	599.328	1967.264	1150.006	26.6465	94.9186	833.431	1196.917	669.144
S508	658.663	1899.396	1089.914	104.4199	78.2996	980.63	1314.061	797.214
S509	774.654	2049.534	1125.111	119.0649	73.1295	900.641	1329.279	723.753
S510	776.978	2313.72	1270.182	70.0545	184.2316	888.683	1411.601	786.359
S511	726.776	2099.066	1161.842	82.8747	123.2417	924.247	1120.329	616.557
S512	684.224	1654.136	958.582	86.877	117.3251	840.96	1187.344	625.472
S513	596.175	1573.166	867.957	22.44942	262.968	534.95	776.329	491.364
S514	616.281	1808.094	1009.472	151.2077	59.0817	918.728	1189.506	661.947
S515	652.467	1989.827	1045.171	68.1312	108.8254	662.654	1037.171	640.44
S516	481.956	1278.08	721.392	25.1137	115.2585	551.044	798.204	498.418
S517	717.477	1875.055	1054.858	85.2179	106.1718	900.727	1231.115	723.703
S518	703.472	1923.866	1025.736	54.728	128.2259	717.064	1030.471	678.483
S519	523.386	1348.462	697.358	17.75929	40.0337	455.266	660.688	380.066
S520	529.949	1374.094	765.716	75.0832	142.4044	661.388	975.128	435.622
S521	671.515	1897.839	1036.506	41.8039	78.6049	729.978	1216.614	684.412
S522	575.247	1660.136	943.863	81.4069	81.9293	777.22	1024.269	481.626
S523	842.609	2286.77	1300.02	88.0145	92.5306	1010.375	1327.19	635.666
S524	621.217	1615.099	889.684	61.5182	148.3149	723.311	948.173	469.05
S525	754.913	1919.666	1118.519	103.3705	77.3117	902.588	1327.304	705.031
S526	654.11	2111.86	1148.805	150.0365	100.5939	854.762	1185.187	668.103
S527	776.807	2166.36	1185.605	68.8212	78.2145	843.802	1185.232	667.52
S528	508.76	1589.754	903.156	65.3829	65.1068	707.423	998.186	607.19
S529	525.477	1630.343	912.495	136.7594	53.5816	772.682	956.671	614.468
S530	819.075	2311.1	1272.956	87.331	98.6739	1054.424	1457.953	828.417
S531	612.579	1691.261	955.594	1.767637	45.743	725.223	902.161	490.79
S532	651.176	1862.345	1095.071	69.2581	105.4774	972.64	1387.739	605.525
S533	584.201	1554.645	927.184	63.977	82.3155	791.533	1119.129	510.458
S534	689.956	2313.6	1271.042	84.0137	74.3045	1098.349	1411.913	775.76
S535	600.771	1850.079	1044.745	106.3071	155.9039	874.211	1160.467	587.629
S536	681.693	2046.761	1144.771	122.7899	77.1078	981.659	1261.607	777.143
S537	582.438	1620.985	914.951	89.0528	83.3849	721.864	941.253	622.009
S538	599.384	1462.731	840.738	16.58229	117.4587	535.341	804.71	562.328
S539	728.002	1860.82	1005.186	67.9315	74.5714	720.999	1084.794	556.439
S540	542.663	1512.057	898.031	35.56182	118.3913	746.972	1015.774	503.256
S541	563.099	1523.294	878.52	32.4749	177.8039	760.733	965.175	450.223
S542	538.877	1569.406	907.866	38.4038	129.9181	714.185	984.782	542.714
S543	602.925	1533.757	873.966	88.3431	59.4873	880.598	1081.693	602.572
S544	501.208	1571.914	881.969	72.6589	80.657	797.699	1016.125	710.313
S545	527.008	1319.809	712.29	19.94603	48.7915	624.192	830.039	519.178
S546	699.589	2047.44	1160.288	126.4536	88.9133	949.588	1225.683	458.327
S547	734.138	2222.4	1168.772	126.1296	74.1482	829.921	1204.402	671.389
S548	622.574	1283.889	745.714	10.75637	51.8435	666.539	968.225	525.993
S549	708.715	2103.147	1111.987	109.8815	78.0146	782.414	1129.194	677.88
S550	647.459	1744.435	936.789	46.6304	117.0212	703.966	1077.034	542.906
S551	579.142	1690.444	926.055	102.9298	40.972	877.894	1028.065	679.407
S552	680.918	1833.937	1025.776	88.9365	107.2181	895.777	1204.04	636.577
S553	622.744	1946.871	1043.322	73.3283	77.0566	793.806	1170.077	796.757
S554	752.795	2107.89	1140.317	84.3959	163.7738	825.369	1172.379	787.83
S555	699.06	1850.895	1064.495	44.8775	125.6387	840.453	1250.909	854.39
S556	627.837	1622.171	914.304	99.8803	31.0157	775.883	1040.234	509.623
S557	568.447	1539.649	897.289	71.1502	87.7591	703.883	1099.72	569.783
S558	554.393	1546.183	850.535	178.7749	45.0181	709.652	936.779	417.565
S559	612.829	1788.374	1010.556	88.1497	110.9435	729.302	1138.603	548.095
S560	629.428	1899.839	1067.117	90.1978	98.4732	808.175	1071.055	625.987
S561	549.045	1956.371	1100.311	74.5345	78.3851	885.048	1112.361	576.156
S562	628.956	1591.545	972.606	73.263	186.6022	847.577	939.37	410.024
S563	761.025	2279.62	1208.835	131.3626	85.7793	1032.43	1401.353	697.785
S564	608.945	1846.561	1085.258	115.6623	102.754	933.012	1144.802	755.827
S565	616.006	1951.12	1099.472	125.8815	96.2795	973.751	1237.682	785.486
S566	592.645	1594.964	895.459	62.1266	78.379	581.386	838.121	411.624
S567	808.987	2378.3	1315.991	23.89074	111.4253	957.667	1377.166	709.901
S568	680.772	1578.842	916.291	20.8691	76.9381	652.261	1109.536	567.59
S569	654.963	1881.751	1032.711	57.8147	110.3265	810.998	1181.747	696.747
S570	583.388	1614.711	876.17	112.6008	63.549	640.419	939.154	529.037
S571	588.378	1584.083	864.566	66.813	64.113	655.569	935.831	512.661
S572	495.084	1461.602	841.59	54.9167	94.3429	642.497	915.171	534.985
S573	662.186	1980.046	1112.025	90.2415	91.7725	815.233	1220.187	737.012
S574	722.075	2138.12	1169.142	86.2941	111.9763	932.273	1225.988	775.239
S575	657.151	1794.449	1049.879	91.5541	42.9	890.964	1266.868	610.353
S576	747.324	2490.41	1346.205	130.8522	87.4565	978.442	1370.59	820.643
S577	521.028	1504.496	856.065	74.5593	99.6015	729.841	987.203	527.977
S578	702.997	2112.5	1149.751	110.8177	120.8875	896.014	1171.178	629.698
S579	755.725	2156.86	1155.67	17.40146	134.3978	803.753	1070.319	686.085
S580	537.971	1498.716	871.095	55.8653	83.2883	740.358	1008.147	537.146
S581	644.047	1922.656	1046.929	50.5661	113.9401	756.074	1159.38	699.943
S582	586.842	1734.365	970.853	120.5533	56.7983	1094.96	1178.106	728.911
S583	655.077	2076.036	1140.823	175.7366	82.5396	936.747	1163.751	658.778
S584	575.932	1650.549	912.41	158.7476	55.5478	933.814	1150.743	714.131
S585	614.042	1987.855	1080.306	100.1929	88.1609	823.919	1100.072	625.879
S586	552.344	1552.772	849.059	42.5005	90.443	696.746	954.653	464.181
S587	551.151	1403.256	785.732	36.5965	69.0537	746.065	894.553	492.493
S588	544.069	1685.446	995.856	90.1789	31.8155	748.285	1145.094	578.27
S589	721.34	2065.825	1106.128	63.3377	162.9161	794.037	1066.446	646.333
S590	535.602	1613.922	904.833	147.9359	75.3625	861.484	1109.774	569.077
S591	640.325	1882.113	1065.538	121.9236	60.6711	889.206	1233.938	643.332
S592	579.423	1690.433	972.602	92.3213	63.4919	853.693	1173.068	636.287
S593	455.443	1210.759	707.169	56.5357	86.2446	532.742	763.312	460.539
S594	770.227	1839.41	1062.689	29.0622	111.0698	833.732	1212.175	659.838
S595	641.976	1987.091	1067.746	63.4604	86.4654	829.004	1230.137	714.408
S596	618.32	1807.241	983.647	117.0389	60.7318	778.752	1030.586	524.204
S597	710.43	1924.748	1060.402	107.8679	53.7287	955.877	1268.136	666.908
S598	756.55	1976.24	1142.567	50.9064	148.9536	974.458	1381.662	735.215
S599	591.831	1642.004	932.111	126.6559	92.6097	843.452	1214.215	655.217
S600	695.221	2336.64	1252.008	112.8813	169.421	781.656	1104.626	617.716
S601	487.89	1339.13	743.929	25.70866	126.2895	589.29	804.241	563.02
S602	677.537	1875.068	1057.974	90.9648	47.0416	811.952	1093.994	597.556
S603	767.698	2319.29	1373.765	83.8429	111.6884	887.547	1250.33	638.045
S604	738.198	2121.71	1152.549	226.796	88.8176	1038.781	1358.855	578.497
S605	662.953	1975.013	1112.042	115.054	85.1196	968.783	1281.91	638.64
S606	511.448	1429.29	809.846	45.5916	103.2415	786.684	1022.814	564.424
S607	537.722	1816.213	976.159	80.9645	96.5235	710.31	995.533	487.111
S608	632.196	1849.697	1006.165	124.5121	58.8653	887.922	1169.735	620.569
S609	599.195	1559.77	871.585	77.3291	26.5156	786.237	1055.036	598.254
S610	531.509	1584.638	904.095	90.0213	38.8155	780.759	1096.649	544.34
S611	630.169	1803.416	990.215	86.9288	65.7262	868.495	1202.079	648.919
S612	580.631	1928.548	1053.177	45.2828	88.6725	860.249	1127.113	716.89
S613	684.292	2080.24	1196.824	64.4114	66.9805	944.435	1242.247	731.3
S614	780.771	2513.27	1378.743	207.4687	131.5632	1036.766	1466.138	695.866
S615	720.733	1957.441	1032.251	101.3134	174.617	734.949	1113.472	679.787
S616	570.016	1669.296	922.752	113.2513	132.1629	889.411	1071.925	508.121
S617	583.908	1410.411	842.747	61.9335	54.398	681.952	1013.226	692.64
S618	467.785	1300.158	721.587	26.11464	88.701	520.428	776.886	506.371
S619	720.034	1917.403	1035.578	32.3327	84.6255	709.935	1028.609	720.193
S620	445.605	1263.856	707.233	50.3608	100.522	559.884	677.703	388.925
S621	627.947	1753.235	968.619	85.4542	87.8393	932.907	1099.763	669.569
S622	741.025	2182.02	1225.518	111.3809	101.0705	782.243	1142.893	638.355
S623	700.713	1767.01	999.451	88.3565	92.7419	812.929	1144.588	690.071
S624	593.888	1403.941	814.019	72.3823	86.2009	699.123	1002.748	619.208
S625	755.592	2076.01	1219.521	107.4685	63.6371	1065.186	1512.636	769.169
S626	647.147	1796.959	996.729	37.8118	193.096	564.506	982.387	419.622
S627	553.698	1496.036	860.851	12.95048	97.1013	755.315	954.787	574.556
S628	570.143	1649.82	937.452	118.759	62.3556	720.33	1134.255	693.841
S629	689.627	1915.699	1119.755	35.6049	59.8901	777.968	1133.345	633.03
S630	574.764	1646.731	907.878	20.3774	89.4763	751.137	1035.204	614.557
S631	560.044	1437.347	759.319	44.7784	79.4075	565.315	848.017	456.947
S632	482.957	1484.43	849.502	27.2191	90.6245	542.774	796.038	558.819
S633	607.426	1505.901	831.284	21.84364	92.8854	653.395	852.548	628.619
S634	694.815	2251.66	1211.289	66.1323	82.6126	802.098	1205.54	767.329
S635	463.65	1014.852	566.087	15.18284	16.43281	468.352	677.965	388.066
S636	663.695	1793.111	1025.576	74.2119	69.7516	912.865	1294.729	872.983
S637	567.832	1600.337	838.645	34.0383	87.584	630.862	912.069	559.418
S638	741.104	1994.275	1081.268	122.9526	115.4394	814.358	1166.892	621.833
S639	635.156	2005.94	1091.179	85.6652	145.0361	681.66	1026.886	597.565
S640	675.471	1908.719	1036.02	123.8965	54.9158	867.953	1182.127	611.589
S641	579.095	1550.87	882.773	54.5888	70.5691	651.672	949.203	527.448
S642	814.275	2471.12	1403.829	71.9718	126.8109	1128.859	1684.651	847.338
S643	673.314	2008.458	1112.338	98.1453	160.0337	852.945	1174.506	571.065
S644	549.678	1566.527	893.653	73.5417	71.9936	689.435	916.811	509.332
S645	674.951	1597.926	873.055	11.3789	101.1019	542.261	877.521	555.323
S646	627.627	1703.763	938.58	72.2471	76.9063	785.147	1053.888	503.605
S647	674.196	1808.845	1018.887	79.7413	120.4204	848.067	1032.161	559.512
S648	699.821	2181.16	1216.379	91.7409	85.6316	978.129	1270.407	784.198
S649	617.589	1953.607	1122.45	118.8363	76.682	917.474	1347.846	678.619
S650	611.144	2056.54	1112.469	120.0538	55.6938	1036.873	1204.966	635.311
S651	644.381	1693.994	938.559	99.4492	176.925	746.822	1063.351	621.906
S652	636.14	1740.342	881.503	78.954	47.5633	622.632	843.087	590.162
S653	499.415	1293.951	749.673	70.2081	99.4729	582.111	886.409	458.036
S654	567.334	1309.223	743.974	12.80435	94.0039	550.754	808.092	435.499
S655	538.813	1425.08	815.848	8.20539	119.5655	686.274	898.388	575.394
S656	640.95	1975.068	1081.683	27.39107	157.6836	612.036	1064.35	476.499
S657	730.082	1894.266	1043.31	89.2086	109.3982	828.53	1116.657	525.971
S658	754.632	1959.08	947.878	53.54129	60.2617	716.319	1019.537	551.467
S659	665.143	2116.3	1194.434	132.5336	88.4985	802.781	1207.8	625.834
S660	522.844	1251.277	672.671	1.380887	18.80735	527.119	701.337	507.264
S661	693.558	2117.84	1160.444	108.9535	80.3434	795.087	1188.315	765.412
S662	696.761	1767.72	970.12	59.7211	87.8897	737.849	1011.78	627.703
S663	626.884	1865.469	1062.341	103.045	147.8407	780.328	1047.118	554.815
S664	639.538	2181.47	1190.096	105.6267	92.5488	912.754	1211.763	742.234
S665	691.2	1942.455	1066.704	111.7645	87.4403	769.483	1100.475	543.138
S666	617.552	1925.583	1039.932	124.437	61.7001	752.141	1042.201	550.708
S667	544.707	1390.824	778.599	29.1391	92.3744	531.708	822.659	485.471
S668	624.029	1628.551	975.741	56.0133	118.1437	801.605	1118.082	638.854
S669	448.591	1234.45	711.16	41.0559	155.439	547.433	732.192	489.094
S670	560.739	1365.229	772.751	43.67049	87.4071	563.703	892.937	454.862
S671	522.766	1645.47	916.563	23.74221	144.927	722.325	917.295	542.698
S672	620.509	1762.328	994.625	151.0586	79.5116	895.068	1094.795	646.317
S673	662.643	1645.042	919.572	73.0613	73.2367	803.378	1099.993	582.657
S674	620.731	1722.767	970.021	55.1489	118.4191	783.361	1072.271	679.479
S675	516.868	1454.482	851.039	125.2238	39.021	787.737	966.322	595.975
S676	573.087	1873.344	1067.789	100.1888	72.3305	962.263	1158.229	667.109
S677	649.855	1439.377	756.125	50.3789	58.6146	660.896	848.753	524.48
S678	592.459	1598.347	865.073	67.5222	91.461	669.188	903.041	453.102
S679	548.132	1471.659	813.795	27.6951	116.429	513.245	769.751	426.311
S680	563.24	1653.418	912.706	32.123	72.9884	551.174	846.697	530.684
S681	667.285	1710.804	975.355	126.3902	92.5587	870.116	1229.426	699.569
S682	647.47	1701.086	949.47	56.9393	81.9129	660.941	980.946	632.85
S683	479.45	1374.261	755.581	98.3734	35.4142	666.817	812.573	398.288
S684	415.212	1132.822	645.881	11.06813	110.817	501.615	614.516	488.924
S685	551.979	1727.067	969.255	142.6415	51.0729	864.495	1115.537	608.363
S686	660.789	2116.14	1198.98	38.6706	99.4075	754.206	1225.238	735.429
S687	819.507	2094.31	1109.066	9.88282	91.613	692.24	1144.913	938.063
S688	677.044	1734.33	1004.286	46.7146	152.402	750.932	967.186	567.986
S689	802.388	2449.72	1315.929	114.66	90.6339	1093.334	1566.587	915.247
S690	635.22	1641.169	939.055	78.485	110.9276	689.591	1074.296	708.182
S691	557.262	1789.779	990.825	154.8808	65.5256	1110.299	1259.87	593.35
S692	635.717	1749.065	939.486	12.80145	67.9693	604.073	939.938	608.01
S693	527.344	1523.359	872.402	69.0295	102.9778	765.419	1047.126	604.05
S694	667.469	1735.572	936.86	43.3563	57.4586	523.528	834.17	529.702
S695	695.692	2145.98	1142.66	109.817	48.2244	850.989	1169.844	730.272
S696	670.524	1961.937	1096.131	82.5783	95.5787	832.618	1248.002	621.118
S697	761.413	2398.75	1339.106	41.4108	128.1133	768.301	1248.786	639.984
S698	698.791	2014.233	1131.298	50.1426	50.1831	908.798	1249.72	731.568
S699	583.148	1636.858	939.202	121.7284	64.8001	856.303	1088.822	546.538
S700	463.163	1336.366	746.935	59.6923	172.5225	615.604	810.815	346.261
S701	795.375	1995.398	1094.531	47.5534	293.588	767.368	1035.607	604.756
S702	612.744	1616.351	902.154	77.0692	35.0485	805.098	1051.002	707.283
S703	653.785	1572.855	864.414	37.21416	118.4513	684.559	958.472	455.456
S704	509.851	1617.521	910.059	13.10341	91.3586	625.725	855.649	555.473
S705	555.021	1515.077	835.437	126.0347	104.2728	686.09	923.492	585.268
S706	725.039	2034.59	1194.941	123.4777	80.6165	1113.607	1522.166	873.209
S707	652.145	1856.894	1015.321	61.4667	82.7642	768.407	1068.123	598.084
S708	710.177	1954.389	1150.17	108.9165	111.2831	942.672	1266.32	663.899
S709	707.746	2099.865	1189.249	71.2833	70.6279	1024.075	1423.502	758.222
S710	684.78	1704.491	990.333	13.497987	62.331	740.962	1188.362	791.1
S711	662.529	1684.825	967.89	84.4552	92.8557	804.444	1153.434	683.686
S712	702.105	1975.481	1091.484	137.472	91.3285	829.942	1160.683	675.832
S713	794.12	2177.34	1191.844	38.3298	100.3679	808.569	1288.858	827.268
S714	699.425	2000.358	1091.752	17.05541	139.0607	586.402	1125.281	688.343
S715	533.617	1369.751	748.05	58.3213	42.5989	539.361	759.988	448.096
S716	529.859	1674.286	935.261	64.3275	89.4511	701.015	1074.476	491.024
S717	621.782	1692.59	942.678	124.2836	174.3464	854.543	1047.95	603.889
S718	648.276	1904.411	1072.11	99.2668	110.2658	764.232	1098.627	558.411
S719	686.301	1868.681	1059.456	96.7493	80.1266	830.18	1126.406	680.471
S720	738.354	2231.65	1241.196	102.7064	115.0728	873.551	1281.739	686.584
S721	559.909	1654.368	955.842	32.27391	131.3852	700.277	1029.617	665.376
S722	815.971	2361.07	1267.425	99.9678	181.036	1034.858	1456.382	777.975
S723	684.496	1933.319	1030.25	112.9239	68.6896	674.99	969.397	405.564
S724	642.154	2086.476	1109.162	88.0748	115.9549	767.393	1033.894	674.064
S725	709.675	1857.606	1046.775	81.9101	135.2788	839.643	1196.13	710.777
S726	535.769	1425.161	784.938	44.2985	78.9949	592.168	779.15	514.792
S727	537.015	1651.7	949.132	79.4664	64.0099	617.129	892.037	442.924
S728	697.069	2097.98	1166.629	38.0834	135.8427	823.745	1106.236	708.461
S729	593.3	1774.649	1015.287	131.6199	55.1405	829.196	1140.03	687.716
S730	636.668	2245.55	1252.857	122.4351	118.708	979.063	1226.498	618.738
S731	616.524	1633.821	900.961	39.27749	49.8475	609.72	958.674	554.814
S732	715.363	1979.023	1125.469	143.1811	79.0979	964.993	1312.292	621.328
S733	620.431	1602.519	904.548	57.8026	53.6768	734.538	1072.324	592.584
S734	573.13	1516.858	839.286	24.60539	67.8831	618.612	873.109	495.3
S735	616.529	1807.209	1005.033	63.6847	70.2129	782.676	1088.037	636.891
S736	517.764	1336.824	704.271	51.5662	106.1138	506.423	749.352	460.584
S737	635.23	1828.649	1000.313	99.9421	90.3691	789.98	1210.226	516.964
S738	623.529	1663.19	909.305	64.9565	156.208	694.19	1064.293	752.345
S739	564.819	1673.354	923.561	76.3679	123.5166	716.659	973.346	395.455
S740	587.423	1697.982	975.003	66.056	120.5016	702.069	955.075	451.836
S741	741.088	1937.794	1055.609	135.7915	49.7871	845.336	1269.062	695.079
S742	564.396	1666.502	955.579	99.8649	126.5025	830.992	1108.768	614.232
S743	539.302	1339.192	741.158	85.8312	97.6699	618.29	886.416	460.999
S744	712.097	2229.21	1251.874	100.6987	93.0392	939.919	1173.297	638.105
S745	630.714	1878.59	1016.461	41.0582	115.3175	807.818	1073.494	700.385
S746	612.878	1598.62	850.287	39.0141	94.5579	681.333	964.08	567.491
S747	611.64	1426.016	798.804	4.96715	90.2446	511.417	688.661	461.045
S748	566.395	1701.824	978.036	71.8894	100.7358	730.64	1051.828	529.159
S749	445.275	1006.693	574.731	23.29757	48.476	493.302	661.204	391.5
S750	484.347	1383.447	777.498	89.5635	51.0062	562.222	734.095	424.254
S751	575.384	1653.073	906.122	96.7783	119.6633	710.161	988.667	543.358
S752	645.1	1664.815	903.382	61.5438	116.2533	580.194	839.579	561.762
S753	725.165	2083.38	1178.888	95.9561	105.4075	947.762	1218.723	609.087
S754	625.177	1510.606	864.447	29.37977	77.5296	673.751	889.148	544.369
S755	420.041	1258.327	680.967	49.31506	45.5332	490.807	669.363	501.019
S756	739.277	1899.519	1063.18	32.2329	79.8039	737.694	1073.767	666.13
S757	477.636	1307.959	738.356	29.522	86.7293	560.996	724.159	371.239
S758	727.138	2028.93	1140.691	77.3178	106.0921	850.848	1250.209	796.174
S759	620.516	1899.678	1084.62	36.23428	83.6856	766.122	1149.178	709.186
S760	521.942	1707.565	923.623	136.6889	86.4074	640.021	917.476	374.947
S761	524.083	1558.363	877.661	42.928	137.6098	596.198	949.321	533.077
S762	613.619	1822.15	1025.208	115.417	94.9744	796.099	1095.9	648.334
S763	639.435	2051.859	1153.148	90.0689	87.6683	717.591	1190.811	759.928
S764	487.545	1290.039	715.469	28.21076	120.9985	574.013	712.302	379.013
S765	689.47	1858.076	1002.175	44.27707	109.403	662.567	1017.577	585.477
S766	718.359	1703.093	983.336	66.5737	43.216	731.201	1159.275	599.5
S767	527.371	1538.643	824.196	81.4796	55.128	644.447	795.04	377.681
S768	470.611	1256.911	725.729	50.351	110.6596	607.946	732.085	498.855
S769	742.5	1903.835	1104.88	62.929	112.1643	937.789	1374.481	633.895
S770	607.025	1703.87	937.304	23.05001	84.8396	646.525	902.097	551.22
S771	559.121	1262.68	707.226	45.8201	82.1131	494.562	782.629	403.096
S772	581.78	1544.718	887.018	136.8286	65.1211	970.969	1235.383	707.259
S773	729.052	2116.75	1176.804	85.5896	160.1257	935.041	1265.577	745.535
S774	604.899	1885.367	1068.977	111.6138	62.5233	901.067	1116.342	616.924
S775	555.855	1721.97	972.587	73.2056	42.0331	679.655	1031.729	686.457
S776	535.436	1662.566	914.65	84.4119	116.1779	555.804	812.403	515.186
S777	637.565	1872.477	1071.439	89.9018	72.2407	896.292	1284.209	711.125
S778	627.483	1951.248	1071.428	102.3861	94.9079	936.51	1071.41	496.897
S779	600.748	1867.529	983.62	130.4984	48.343	735.636	1077.665	741.776
S780	709.464	1907.986	1016.093	82.7282	93.6715	781.503	1183.536	601.894
S781	732.156	2374.53	1278.494	99.0357	76.6371	896.335	1292.495	763.048
S782	607.346	1388.034	774.269	41.8906	70.1517	595.086	882.066	558.804
S783	588.967	1246.941	688.332	12.69998	61.9074	556.46	840.307	477.524
S784	670.162	2003.765	1143.591	32.70251	169.6654	761.144	1087.074	708.997
S785	739.37	1937.774	1015.961	27.86616	151.7113	643.601	1001.521	610.753
S786	708.557	1967.501	1119.829	122.0466	129.3695	962.398	1245.785	615.442
S787	618.327	1839.14	1003.359	85.9504	63.4337	857.626	1107.245	828.267
S788	658.782	1486.792	816.243	22.42197	80.7177	745.538	1003.928	600.56
S789	520.351	1577.208	856.225	61.8377	68.3603	594.442	873.755	462.3
S790	658.795	1717.466	929.287	21.35936	154.2007	568.31	800.387	475.388
S791	701.625	1755.581	949.398	64.5603	94.404	835.687	1026.272	556.176
S792	759.71	1764.006	1002.955	79.4006	59.5269	836.386	1164.305	585.677
S793	704.154	1998.715	1117.995	89.0757	76.2224	910.862	1351.357	691.519
S794	540.381	1633.848	953.235	58.9271	96.3032	658.951	857.744	525.756
S795	650.958	1889.666	1057.576	55.4084	67.6578	821.402	1111.292	730.213
S796	575.899	1529.765	845.912	94.803	58.1861	565.832	904.089	488.037
S797	749.026	2139.79	1160.551	81.4052	139.8686	903.034	1270.789	824.871
S798	638.374	1524.737	843.736	93.3532	40.0831	633.555	1011.991	714.231
S799	768.034	2373.22	1293.469	93.7846	87.927	1080.141	1421.904	867.364
S800	701.28	1720.633	924.303	47.8588	30.0332	654.159	892.552	480.183
S801	475.717	1368.563	750.463	29.2392	44.9508	521.014	737.402	442.994
S802	758.332	2216.87	1168.145	92.3093	94.9568	753.235	1135.601	552.472
S803	631.629	1870.213	994.141	100.4201	78.1498	728.261	1006.599	556.005
S804	713.019	2008.128	1084.14	68.5282	92.9885	779.7	1140.172	451.493
S805	616.712	1665.008	902.03	80.6194	90.1614	608.92	871.614	482.469
S806	535.276	1716.838	956.919	112.5924	54.8267	843.021	1005.684	623.281
S807	625.816	1842.879	1019.12	77.1866	103.1675	778.389	1068.222	698.206
S808	544.179	1649.432	892.922	38.22844	70.7443	604.112	835.324	423.344
S809	604.773	1935.964	1110.436	123.3435	60.6082	897.185	1199.816	752.462
S810	756.599	2152.67	1134.563	125.9163	67.7687	846.129	1242.638	715.732
S811	787.501	1779.65	1012.65	86.8173	78.3528	726.131	1117.74	638.23
S812	631.999	1928.166	1115.088	58.3284	99.4256	823.864	1165.503	550.342
S813	625.177	1562.343	875.37	22.86412	189.4365	560.363	887.093	638.994
S814	528.62	1436.772	769.137	20.56809	71.4618	548.377	732.971	472.788
S815	501.202	1525.344	842.582	7.25391	116.0633	547.011	827.322	546.946
S816	612.11	1610.274	873.535	72.5236	54.2945	600.054	837.36	477.996
S817	694.588	1703.035	937.773	17.47007	111.0755	710.287	954.942	595.474
S818	661.441	1893.644	1123.065	82.304	150.9153	785.995	1193.944	756.935
S819	579.708	1965.871	1119.328	150.7229	119.8121	774.134	1204.52	582.172
S820	762.353	1748.382	943.984	109.0921	71.1822	713.081	1128.128	597.567
S821	583.152	1781.901	1006.285	48.81261	155.6694	684.534	841.172	562.9
S822	597.582	1861.673	957.223	142.3628	82.3535	717.142	1047.822	520.652
S823	703.5	1660.788	910.172	85.57	182.2301	669.394	1099.445	487.183
S824	558.318	1460.249	819.029	66.9422	70.1042	594.133	919.447	441.421
S825	896.41	2236.64	1252.919	127.2343	117.6317	909.852	1363.078	704.124
S826	698.389	1796.964	994.151	74.0072	130.4659	746.101	1193.153	670.906
S827	581.583	1647.265	939.877	66.7207	74.4117	616.267	946.952	621.045
S828	533.447	1406.509	795.962	37.5161	123.1524	552.635	740.096	361.297
S829	550.339	1593.472	916.046	35.5191	79.1328	731.214	1042.398	667.652
S830	559.499	1455.717	877.957	79.5973	95.4291	941.519	1060.338	578.42
S831	687.938	2087.96	1144.152	78.4592	117.0516	839.703	1254.067	698.431
S832	635.597	2058.732	1141.493	117.0623	89.9311	967.518	1240.566	632.393
S833	793.287	2221.07	1221.06	57.5794	137.5582	867.02	1301.629	867.477
S834	645.63	1736.444	972.787	53.4838	75.9836	706.374	927.302	687.312
S835	513.035	1624.74	864.902	96.3339	55.4729	752.831	939.242	405.842
S836	651.184	1901.385	1032	76.6094	45.9925	759.018	1007.414	558.106
S837	581.483	1622.688	882.544	113.74	40.3263	774.224	985.891	571.539
S838	545.69	1689.161	972.867	88.238	50.5478	839.154	1070.335	679.285
S839	822.685	2189.82	1212.096	74.0952	129.1552	913.293	1349.676	784.288
S840	730.424	1944.148	1065.775	68.0451	52.2743	770.6	1359.247	635.108
S841	531.904	1280.088	706.332	83.4622	48.4524	556.827	817.413	449.606
S842	761.54	2211.16	1194.171	134.3505	64.6318	1028.175	1362.521	928.454
S843	738.942	1869.326	1052.527	122.6832	146.1939	735.156	1131.13	534.268
S844	709.429	1941.639	1110.819	71.2767	154.1917	879.048	1128.326	581.831
S845	401.781	1016.464	575.33	32.09514	67.8263	501.228	717.328	428.373
S846	660.941	2028.755	1141.245	149.0438	69.9273	915.973	1243.221	666.772
S847	730.317	2110.12	1216.384	75.8754	136.0526	872.476	1218.182	761.765
S848	662.246	1898.575	1109.304	79.3964	64.6684	975.087	1249.151	835.451
S849	758.406	2301.62	1311.235	82.892	103.4676	928.924	1310.026	602.522
S850	744.72	1779.126	1035.428	100.8203	92.1343	927.332	1272.569	720.734
S851	745.4	1933.449	1136.288	44.3975	74.1935	790.506	1321.376	712.602
S852	681.131	1945.917	1066.928	72.059	96.6529	897.799	1272.036	750.394
S853	739.885	2204.84	1238.978	97.7619	112.6155	988.027	1441.925	791.616
S854	697.745	1991.923	1128.819	128.0471	55.4846	1018.385	1349.545	584.43
S855	568.146	1547.36	863.14	104.2745	113.3806	840.779	1060.25	505.219
S856	613.585	1814.279	1017.869	44.4376	141.8443	611.067	1035.705	507.267
S857	610.793	1846.363	1033.45	93.954	81.9062	805.748	1126.973	719.507
S858	693.75	2143.18	1168.085	75.4638	122.0339	1022.611	1446.368	767.836
S859	795.026	2465.03	1358.815	22.2411	141.1439	865.804	1439.293	797.605
S860	669.757	1891.276	1023.373	110.5457	104.7435	890.566	1214.184	717.734
S861	571.875	1341.992	744.797	16.71961	77.7231	576.749	835.074	541.076
S862	618.307	1727.526	941.547	87.3061	82.8921	692.03	982.514	656.545
S863	685.883	2135.64	1194.988	67.6457	100.3248	890.723	1290.77	723.481
S864	543.281	1673.384	926.758	171.3132	73.8425	835.041	1098.554	570.502
S865	627.598	1727.633	980.86	52.426	83.3135	822.06	1170.89	668.517
S866	635.474	1594.81	915.286	75.3792	82.9518	778.146	1092.452	656.617
S867	750.738	2188.79	1237.043	56.1294	83.9344	995.574	1315.426	758.713
S868	616.864	1725.784	979.088	97.3958	82.5227	935.307	1130.428	689.748
S869	679.996	2047.83	1144.388	88.055	185.4965	913.699	1229.498	757.861
S870	797.996	2328.23	1257.793	106.5652	88.5608	948.471	1279.473	741.71
S871	548.539	1333.634	762.022	20.61663	83.7968	653.517	870.06	582.434
S872	518.576	1239.63	679.097	20.8789	37.0137	539.821	763.032	562.39
S873	717.095	1788.767	1047.906	86.0547	78.5367	952.553	1311.126	784.62
S874	702.727	1898.855	1090.373	58.0777	183.2864	666.027	922.814	658.954
S875	626.067	1905.827	1065.222	103.7161	74.6719	791.933	1143.572	592.652
S876	691.342	1697.197	990.158	122.3534	52.3429	894.347	1237.12	720.451
S877	671.722	1698.798	917.619	25.34701	98.9907	649.987	984.177	649.899
S878	817.585	1898.499	1102.679	111.4861	85.421	997.76	1296.913	859.659
S879	691.572	1890.705	1065.969	70.3137	59.2872	777.714	1172.15	709.418
S880	691.637	1824.937	1052.702	28.7852	150.3783	853.852	1067.032	789.524
S881	583.898	1681.379	934.5	73.2743	128.379	706.679	948.447	626
S882	672.598	2053.75	1166.247	116.4429	51.011	927.915	1373.484	730.059
S883	649.066	1960.149	1034.73	108.6882	158.5197	964.672	1149.196	510.964
S884	632.107	1725.835	964.53	68.9893	111.2867	876.504	1183.417	621.341
S885	521.048	1673.11	885.607	68.7707	100.3353	701.118	943.497	546.011
S886	742.167	2001.371	1115.027	122.6195	38.2395	871.749	1269.189	608.579
S887	633.805	1869.719	1071.22	72.1547	168.4314	767.858	1000.208	727.322
S888	553.014	1740.62	1007.731	113.6028	71.4097	851.936	1157.19	743.877
S889	804.798	2334.76	1324.663	62.12474	125.6159	970.366	1459.335	968.741
S890	506.228	1425.597	811.548	99.5381	66.4365	773.158	940.938	565.815
S891	587.851	1679.841	966.902	45.2577	70.5351	857.644	1158.613	641.284
S892	738.815	1844.724	1024.472	144.9698	115.4641	963.475	1323.23	643.678
S893	620.969	1790.739	1005.902	122.0743	75.87	976.436	1311.823	650.146
S894	800.729	1643.23	1015.692	85.9184	51.0067	853.607	1332.269	818.28
S895	646.685	1962.5	1137.665	101.9517	110.5189	849.88	1246.914	776.729
